00000110 00000000 00010000 00100000   
00001000 00000000 00010001 00100000   
00000000 00000000 00010000 10101100   
00000000 00000000 00001000 10001100   
00000000 00000000 00010001 10101100   
00000100 00000000 00010001 10101100   
00000100 00000000 00001010 10001100   
00100000 10000000 00000000 00000000   
00000001 00000000 00010001 00100010   
00100000 01001000 00100000 00000010   
00000111 00000000 00001001 00010001   
00100000 10010000 00000000 00000010   
00100000 10000000 00100000 00000010   
00100000 10001000 00010010 00000010   
00000000 00000000 01010001 10101101   
00000100 00000000 01001010 00100001   
00000001 00000000 00101001 00100001   
00001010 00000000 00000000 00001000   
00000010 00000000 00010001 00100000   
00000100 10001000 00110001 00000010   
00000001 00000000 00101001 00100001   
00101011 00000000 00010010 00100000   
00100110 10010000 01010001 00000010   
00100111 10010000 00110010 00000010   
00100101 10010000 01010001 00000010   
10000000 10001000 00100000 00000010   
00000011 10010001 01000000 00000010   
11000010 10010000 01000000 00000010   
00000010 00000000 00010001 00100000   
00000111 10010000 01010001 00000010   
00000110 10010000 01010001 00000010   
11111111 11111111 00101001 00100001   
11110100 11111111 00001001 00010001   
00101010 10000000 00110000 00000010   
00100010 00000000 00000000 00001000   